2020/5/13 18764 7554 1490
2020/5/12 18789 6564 1291
2020/5/11 20312 3635 744
2020/5/10 25266 13541 1582
2020/5/9 29861 3957 1610
2020/5/8 25029 5126 2104
2020/5/7 25620 119 2414
2020/5/6 24438 2611 2073
2020/5/5 23544 7028 1393
2020/5/4 25272 4770 1301
2020/5/3 25254 11367 1141
2020/5/2 37783 10068 2225
2020/5/1 29424 29883 1896
2020/4/30 26040 8128 2652
2020/4/29 25211 4349 2085
2020/4/28 21772 4517 1455
2020/4/27 26788 1247 930
2020/4/26 33701 6702 1938
2020/4/25 36628 18184 2032
2020/4/24 26531 4321 3193
2020/4/23 17753 934 1688
2020/4/22 37264 2149 2692
2020/4/21 28350 2522 1756
2020/4/20 25204 4157 1607
2020/4/19 28534 7182 2011
2020/4/18 34586 3436 3766
2020/4/17 32232 3464 2316
2020/4/16 30318 2806 4943
2020/4/15 26476 5647 2405
2020/4/14 24694 2301 1508
2020/4/13 27696 9704 1500
2020/4/12 29215 3122 1865
2020/4/11 34431 2670 2045
2020/4/10 34605 2309 1906
2020/4/9 32600 1674 1918
2020/4/8 31530 2620 1919
2020/4/7 30478 2337 1339
2020/4/6 25726 2561 1151
2020/4/5 33708 5101 1340
2020/4/4 32879 609 1095
2020/4/3 28936 639 931
2020/4/2 27089 1536 1056
2020/4/1 25030 1240 911
2020/3/31 21502 1031 653
2020/3/30 18415 2253 326
2020/3/29 19216 540 481
2020/3/28 19630 1359 414
2020/3/27 16646 94 246
2020/3/26 13951 265 248
2020/3/25 8793 76 209
2020/3/24 11090 0 120
2020/3/23 8363 2 133
2020/3/22 7373 29 80
2020/3/21 5374 26 52
2020/3/20 3991 15 55
2020/3/19 3839 32 45
2020/3/18 1759 26 18
2020/3/17 961 38 24
2020/3/16 815 0 6
2020/3/15 801 0 19
2020/3/14 449 0 2
2020/3/13 631 0 8
2020/3/12 0 0 0
2020/3/11 300 0 5
2020/3/10 132 0 5
2020/3/9 127 0 2
2020/3/8 121 0 5
2020/3/7 92 7 0
2020/3/6 79 0 3
2020/3/5 31 0 2
2020/3/4 22 0 3
2020/3/3 23 0 5
2020/3/2 14 0 0
2020/3/1 63 3 1
